num_particles = 125
 demoType = 0
 simSpace = 7
 
m_Time = 0.000000
 m_DT = 0.000000
 
gridsize = 0.000000
 spacing = -nan
 
simscale = 0.000000
 smooth_radius = 0.000000
 
visc = 0.000000
 surface_t = 0.000000
 
mass = 0.000000
 radius = 0.000000
 
int_stiff = 0.000000
 ext_stiff = 0.000000
 ext_damp = 0.000000
 
accel_limit = 0.000000
 vel_limit = 0.000000
 
grav = 0.000000
 slope = 0.000000
 
force_min = 0.000000
 force_max = 0.000000
 force_freq = 0.000000
 
x_dim = 6.000000
 y_dim = 6.000000
 z_dim = 6.000000
 
pos_x = 0.000000
 pos_y = 0.000000
 pos_z = 0.000000
 
volmin_x = 0.000000
 volmin_y = 0.000000
 volmin_z = 0.000000
 
volmax_x = 0.000000
 volmax_y = 0.000000
 volmax_z = 0.000000
 
initmin_x = 0.000000
 initmin_y = 0.000000
 initmin_z = 0.000000
 
initmax_x = 0.000000
 initmax_y = 0.000000
 initmax_z = 0.000000
 
paramsPath = demo/SimParams.txt
 pointsPath = demoö­Í
 genomePath = demo/genome.csv
 outPath = out
 
num_files = 400
 steps_per_InnerPhysicalLoop = 3
 steps_per_file = 6
 freeze_steps = 1
 
debug = 0
 file_num = 0
 
save_ply = n
 save_csv = n
 save_vtp = y
 
gene_activity = n
 remodelling = n
 read_genome = n
 
actuation_factor = 0.000000
 actuation_period = 0.000000
 
